MMR
lambda = 0.25
alpha  |K   |alpha - NDCG@K
0.1    |1   |  0.82
0.1    |5   |  0.84
0.1    |10  |  0.82
0.1    |20  |  0.81
0.1    |30  |  0.80
0.1    |40  |  0.81
0.1    |50  |  0.81

MMR
lambda = 0.25
alpha  |K   |alpha - NDCG@K
0.5    |1   |  0.82
0.5    |5   |  0.83
0.5    |10  |  0.82
0.5    |20  |  0.80
0.5    |30  |  0.79
0.5    |40  |  0.79
0.5    |50  |  0.80

MMR
lambda = 0.25
alpha  |K   |alpha - NDCG@K
0.9    |1   |  0.82
0.9    |5   |  0.81
0.9    |10  |  0.79
0.9    |20  |  0.74
0.9    |30  |  0.72
0.9    |40  |  0.72
0.9    |50  |  0.72

MMR
lambda = 0.5
alpha  |K   |alpha - NDCG@K
0.1    |1   |  0.82
0.1    |5   |  0.87
0.1    |10  |  0.84
0.1    |20  |  0.83
0.1    |30  |  0.83
0.1    |40  |  0.83
0.1    |50  |  0.83

MMR
lambda = 0.5
alpha  |K   |alpha - NDCG@K
0.5    |1   |  0.82
0.5    |5   |  0.87
0.5    |10  |  0.83
0.5    |20  |  0.81
0.5    |30  |  0.81
0.5    |40  |  0.82
0.5    |50  |  0.82

MMR
lambda = 0.5
alpha  |K   |alpha - NDCG@K
0.9    |1   |  0.82
0.9    |5   |  0.86
0.9    |10  |  0.80
0.9    |20  |  0.76
0.9    |30  |  0.74
0.9    |40  |  0.74
0.9    |50  |  0.74